A,A,B,C,D,E,F,G,H,I,J,K,L,M,N,O,P,Q,R,S,T,U,V,W,X,Y,Z
A,0.8787878787878788,0.0,0.0,0.0,0.0,0.0,0.0,0.0,0.0,0.0,0.0,0.0,0.0,0.0,0.0,0.0,0.0,0.0,0.06060606060606061,0.0,0.0,0.0,0.0,0.0,0.0,0.06060606060606061
B,0.0,0.27586206896551724,0.10344827586206896,0.0,0.0,0.0,0.0,0.0,0.0,0.0,0.0,0.0,0.0,0.0,0.0,0.0,0.0,0.0,0.0,0.0,0.0,0.6206896551724138,0.0,0.0,0.0,0.0
C,0.0,0.0,0.7096774193548387,0.0,0.0,0.03225806451612903,0.0,0.0,0.0,0.0,0.0,0.0,0.0,0.0,0.0,0.0,0.0,0.0,0.0,0.0,0.0,0.0967741935483871,0.0,0.16129032258064516,0.0,0.0
D,0.0,0.0,0.03333333333333333,0.7333333333333333,0.03333333333333333,0.1,0.0,0.0,0.0,0.0,0.0,0.0,0.0,0.0,0.0,0.0,0.0,0.03333333333333333,0.03333333333333333,0.0,0.0,0.0,0.0,0.03333333333333333,0.0,0.0
E,0.0,0.0,0.0,0.03125,0.5,0.0,0.0,0.0,0.0,0.0,0.0,0.0,0.0,0.0,0.0,0.0,0.0,0.46875,0.0,0.0,0.0,0.0,0.0,0.0,0.0,0.0
F,0.0,0.0,0.0,0.35714285714285715,0.0,0.5714285714285714,0.0,0.0,0.0,0.0,0.0,0.0,0.0,0.0,0.0,0.0,0.0,0.03571428571428571,0.0,0.03571428571428571,0.0,0.0,0.0,0.0,0.0,0.0
G,0.0,0.0,0.0,0.0,0.0,0.09375,0.625,0.09375,0.0,0.15625,0.0,0.0,0.0,0.03125,0.0,0.0,0.0,0.0,0.0,0.0,0.0,0.0,0.0,0.0,0.0,0.0
H,0.0,0.03125,0.0,0.0,0.0,0.0,0.53125,0.25,0.0,0.03125,0.0,0.0,0.0,0.0,0.0,0.0,0.0,0.0,0.0,0.0,0.03125,0.03125,0.0,0.0,0.09375,0.0
I,0.0,0.0,0.0,0.0,0.0,0.0,0.0,0.03333333333333333,0.7666666666666667,0.03333333333333333,0.0,0.0,0.0,0.0,0.0,0.0,0.0,0.0,0.0,0.0,0.16666666666666666,0.0,0.0,0.0,0.0,0.0
J,0.0,0.037037037037037035,0.0,0.0,0.0,0.0,0.0,0.5925925925925926,0.0,0.3333333333333333,0.0,0.0,0.0,0.0,0.0,0.0,0.0,0.0,0.0,0.0,0.037037037037037035,0.0,0.0,0.0,0.0,0.0
K,0.0,0.0,0.0,0.0,0.0,0.0,0.0,0.0,0.05263157894736842,0.2894736842105263,0.5263157894736842,0.02631578947368421,0.05263157894736842,0.02631578947368421,0.02631578947368421,0.0,0.0,0.0,0.0,0.0,0.0,0.0,0.0,0.0,0.0,0.0
L,0.0,0.0,0.0,0.0,0.0,0.0,0.0,0.0,0.0,0.0,0.11764705882352941,0.7647058823529411,0.0,0.0,0.0,0.11764705882352941,0.0,0.0,0.0,0.0,0.0,0.0,0.0,0.0,0.0,0.0
M,0.0,0.0,0.0,0.0,0.0,0.0,0.0,0.0,0.0,0.0,0.03125,0.0,0.5625,0.40625,0.0,0.0,0.0,0.0,0.0,0.0,0.0,0.0,0.0,0.0,0.0,0.0
N,0.0,0.3548387096774194,0.0,0.0,0.0,0.0,0.0,0.0,0.0,0.0,0.0,0.06451612903225806,0.1935483870967742,0.3870967741935484,0.0,0.0,0.0,0.0,0.0,0.0,0.0,0.0,0.0,0.0,0.0,0.0
O,0.0,0.0,0.0,0.0,0.0,0.0,0.0,0.0,0.1935483870967742,0.0,0.03225806451612903,0.0,0.0,0.0,0.7741935483870968,0.0,0.0,0.0,0.0,0.0,0.0,0.0,0.0,0.0,0.0,0.0
P,0.0,0.0,0.0,0.0,0.0,0.0,0.0,0.0,0.0,0.0,0.0,0.02702702702702703,0.0,0.0,0.13513513513513514,0.8108108108108109,0.0,0.0,0.0,0.0,0.0,0.0,0.0,0.0,0.02702702702702703,0.0
Q,0.0,0.0,0.0,0.0,0.0,0.0,0.0,0.0,0.0,0.0,0.0,0.0,0.0,0.0,0.0,0.0,0.8709677419354839,0.0,0.0,0.0,0.0,0.0,0.12903225806451613,0.0,0.0,0.0
R,0.0,0.0,0.0,0.0,0.0,0.0,0.0,0.0,0.0,0.0,0.0,0.0,0.0,0.0,0.0,0.0,0.0,0.7333333333333333,0.0,0.26666666666666666,0.0,0.0,0.0,0.0,0.0,0.0
S,0.0,0.0,0.0,0.12121212121212122,0.0,0.0,0.0,0.0,0.0,0.0,0.0,0.0,0.0,0.0,0.0,0.0,0.0,0.0,0.7878787878787878,0.0,0.0,0.0,0.0,0.030303030303030304,0.0,0.06060606060606061
T,0.0,0.0,0.0,0.0,0.0,0.0,0.03125,0.0,0.0,0.0,0.0,0.0,0.0,0.0,0.0,0.0,0.0,0.0,0.0,0.8125,0.0,0.0,0.0,0.0,0.15625,0.0
U,0.0,0.0,0.0,0.0,0.0,0.0,0.0,0.0,0.0625,0.0,0.0,0.0,0.0,0.0,0.0,0.0,0.0,0.0,0.0,0.0,0.75,0.0,0.0,0.0,0.1875,0.0
V,0.0,0.1111111111111111,0.25,0.0,0.0,0.0,0.0,0.0,0.0,0.0,0.0,0.0,0.0,0.0,0.0,0.0,0.0,0.0,0.0,0.0,0.0,0.6388888888888888,0.0,0.0,0.0,0.0
W,0.0,0.0,0.0,0.0,0.34375,0.0,0.0,0.0,0.0,0.0,0.0,0.0,0.0,0.0,0.0,0.0,0.0,0.0,0.0,0.0,0.0,0.0,0.65625,0.0,0.0,0.0
X,0.0,0.0,0.15625,0.0,0.0,0.0,0.0,0.0,0.0,0.0,0.0,0.0,0.0,0.0,0.0,0.0,0.0,0.0,0.03125,0.0,0.0,0.0,0.0,0.8125,0.0,0.0
Y,0.0,0.0,0.0,0.0,0.0,0.0,0.030303030303030304,0.030303030303030304,0.0,0.0,0.0,0.0,0.06060606060606061,0.0,0.0,0.0,0.0,0.0,0.0,0.06060606060606061,0.21212121212121213,0.0,0.0,0.0,0.6060606060606061,0.0
Z,0.0,0.0,0.058823529411764705,0.0,0.0,0.0,0.0,0.0,0.0,0.0,0.0,0.0,0.0,0.0,0.0,0.0,0.0,0.0,0.0,0.0,0.0,0.0,0.0,0.0,0.0,0.9411764705882353
